type;alg;N;dim;gridSize;k;cudaBlockSize;cudaSharedMemorySize;groupsPerBlock;itemsPerBlock;itemsPerThread;time
projection;serial;1048576;4;128;7;256;0;1;1;1;400.1199
projection;serial;1048576;4;128;15;256;0;1;1;1;1664.134
projection;serial;1048576;4;128;31;256;0;1;1;1;6938.818
projection;serial;1048576;4;128;63;256;0;1;1;1;28573.371
projection;serial;1048576;4;256;7;256;0;1;1;1;394.36945
projection;serial;1048576;4;256;15;256;0;1;1;1;1675.0769
projection;serial;1048576;4;256;31;256;0;1;1;1;6944.612
projection;serial;1048576;4;256;63;256;0;1;1;1;28363.422
projection;serial;1048576;4;512;7;256;0;1;1;1;393.6817
projection;serial;1048576;4;512;15;256;0;1;1;1;1663.0452
projection;serial;1048576;4;512;31;256;0;1;1;1;6937.7827
projection;serial;1048576;4;512;63;256;0;1;1;1;28413.738
projection;serial;1048576;4;1024;7;256;0;1;1;1;397.3464
projection;serial;1048576;4;1024;15;256;0;1;1;1;1668.53
projection;serial;1048576;4;1024;31;256;0;1;1;1;6944.7266
projection;serial;1048576;4;1024;63;256;0;1;1;1;28547.14
projection;serial;1048576;8;128;7;256;0;1;1;1;454.78262
projection;serial;1048576;8;128;15;256;0;1;1;1;1981.033
projection;serial;1048576;8;128;31;256;0;1;1;1;8360.038
projection;serial;1048576;8;128;63;256;0;1;1;1;34407.95
projection;serial;1048576;8;256;7;256;0;1;1;1;455.11948
projection;serial;1048576;8;256;15;256;0;1;1;1;1990.017
projection;serial;1048576;8;256;31;256;0;1;1;1;8356.205
projection;serial;1048576;8;256;63;256;0;1;1;1;34402.29
projection;serial;1048576;8;512;7;256;0;1;1;1;457.4234
projection;serial;1048576;8;512;15;256;0;1;1;1;1995.5238
projection;serial;1048576;8;512;31;256;0;1;1;1;8371.546
projection;serial;1048576;8;512;63;256;0;1;1;1;34538.0
projection;serial;1048576;8;1024;7;256;0;1;1;1;456.77026
projection;serial;1048576;8;1024;15;256;0;1;1;1;1994.908
projection;serial;1048576;8;1024;31;256;0;1;1;1;8381.023
projection;serial;1048576;8;1024;63;256;0;1;1;1;34492.94
projection;serial;1048576;16;128;7;256;0;1;1;1;563.831
projection;serial;1048576;16;128;15;256;0;1;1;1;2537.373
projection;serial;1048576;16;128;31;256;0;1;1;1;10821.67
projection;serial;1048576;16;128;63;256;0;1;1;1;44574.95
projection;serial;1048576;16;256;7;256;0;1;1;1;567.7665
projection;serial;1048576;16;256;15;256;0;1;1;1;2558.933
projection;serial;1048576;16;256;31;256;0;1;1;1;10782.62
projection;serial;1048576;16;256;63;256;0;1;1;1;44615.523
projection;serial;1048576;16;512;7;256;0;1;1;1;565.5534
projection;serial;1048576;16;512;15;256;0;1;1;1;2535.6128
projection;serial;1048576;16;512;31;256;0;1;1;1;10821.16
projection;serial;1048576;16;512;63;256;0;1;1;1;44664.65
projection;serial;1048576;16;1024;7;256;0;1;1;1;566.5339
projection;serial;1048576;16;1024;15;256;0;1;1;1;2535.121
projection;serial;1048576;16;1024;31;256;0;1;1;1;10921.5205
projection;serial;1048576;16;1024;63;256;0;1;1;1;44645.277
projection;serial;1048576;32;128;7;256;0;1;1;1;790.49817
projection;serial;1048576;32;128;15;256;0;1;1;1;3645.1782
projection;serial;1048576;32;128;31;256;0;1;1;1;15776.119
projection;serial;1048576;32;128;63;256;0;1;1;1;65568.04
projection;serial;1048576;32;256;7;256;0;1;1;1;792.13605
projection;serial;1048576;32;256;15;256;0;1;1;1;3659.726
projection;serial;1048576;32;256;31;256;0;1;1;1;15796.44
projection;serial;1048576;32;256;63;256;0;1;1;1;65611.48
projection;serial;1048576;32;512;7;256;0;1;1;1;795.8019
projection;serial;1048576;32;512;15;256;0;1;1;1;3670.8308
projection;serial;1048576;32;512;31;256;0;1;1;1;15835.359
projection;serial;1048576;32;512;63;256;0;1;1;1;65629.72
projection;serial;1048576;32;1024;7;256;0;1;1;1;800.07605
projection;serial;1048576;32;1024;15;256;0;1;1;1;3663.6738
projection;serial;1048576;32;1024;31;256;0;1;1;1;15816.419
projection;serial;1048576;32;1024;63;256;0;1;1;1;65746.68
projection;serial;1048576;64;128;7;256;0;1;1;1;1253.609
projection;serial;1048576;64;128;15;256;0;1;1;1;5947.264
projection;serial;1048576;64;128;31;256;0;1;1;1;25930.12
projection;serial;1048576;64;128;63;256;0;1;1;1;108148.3
projection;serial;1048576;64;256;7;256;0;1;1;1;1253.147
projection;serial;1048576;64;256;15;256;0;1;1;1;5954.8477
projection;serial;1048576;64;256;31;256;0;1;1;1;25925.488
projection;serial;1048576;64;256;63;256;0;1;1;1;108097.7
projection;serial;1048576;64;512;7;256;0;1;1;1;1254.348
projection;serial;1048576;64;512;15;256;0;1;1;1;5950.585
projection;serial;1048576;64;512;31;256;0;1;1;1;25928.941
projection;serial;1048576;64;512;63;256;0;1;1;1;108248.5
projection;serial;1048576;64;1024;7;256;0;1;1;1;1251.655
projection;serial;1048576;64;1024;15;256;0;1;1;1;5955.786
projection;serial;1048576;64;1024;31;256;0;1;1;1;25945.69
projection;serial;1048576;64;1024;63;256;0;1;1;1;108304.3
projection;cuda_base;1048576;4;128;7;32;0;1;1;1;1.0394727
projection;cuda_base;1048576;4;128;15;64;0;1;1;1;3.9170215
projection;cuda_base;1048576;4;128;31;512;0;1;1;1;12.435399
projection;cuda_base;1048576;4;128;63;512;0;1;1;1;43.496754
projection;cuda_base;1048576;4;256;7;32;0;1;1;1;1.4184129
projection;cuda_base;1048576;4;256;15;32;0;1;1;1;4.8377132
projection;cuda_base;1048576;4;256;31;32;0;1;1;1;14.354721
projection;cuda_base;1048576;4;256;63;512;0;1;1;1;47.26757
projection;cuda_base;1048576;4;512;7;16;0;1;1;1;2.176233
projection;cuda_base;1048576;4;512;15;32;0;1;1;1;6.6992645
projection;cuda_base;1048576;4;512;31;64;0;1;1;1;18.382761
projection;cuda_base;1048576;4;512;63;32;0;1;1;1;55.746223
projection;cuda_base;1048576;4;1024;7;8;0;1;1;1;2.1771462
projection;cuda_base;1048576;4;1024;15;16;0;1;1;1;10.352961
projection;cuda_base;1048576;4;1024;31;32;0;1;1;1;26.55951
projection;cuda_base;1048576;4;1024;63;512;0;1;1;1;72.268196
projection;cuda_base;1048576;8;128;7;32;0;1;1;1;1.550669
projection;cuda_base;1048576;8;128;15;32;0;1;1;1;5.730675
projection;cuda_base;1048576;8;128;31;32;0;1;1;1;18.88102
projection;cuda_base;1048576;8;128;63;256;0;1;1;1;67.56206
projection;cuda_base;1048576;8;256;7;32;0;1;1;1;2.2203789
projection;cuda_base;1048576;8;256;15;32;0;1;1;1;7.377841
projection;cuda_base;1048576;8;256;31;32;0;1;1;1;22.42134
projection;cuda_base;1048576;8;256;63;32;0;1;1;1;74.412315
projection;cuda_base;1048576;8;512;7;8;0;1;1;1;3.549736
projection;cuda_base;1048576;8;512;15;32;0;1;1;1;10.698231
projection;cuda_base;1048576;8;512;31;32;0;1;1;1;29.695211
projection;cuda_base;1048576;8;512;63;32;0;1;1;1;89.34755
projection;cuda_base;1048576;8;1024;7;16;0;1;1;1;3.5548844
projection;cuda_base;1048576;8;1024;15;16;0;1;1;1;17.23582
projection;cuda_base;1048576;8;1024;31;32;0;1;1;1;44.328247
projection;cuda_base;1048576;8;1024;63;32;0;1;1;1;119.8021
projection;cuda_base;1048576;16;128;7;32;0;1;1;1;2.9990737
projection;cuda_base;1048576;16;128;15;32;0;1;1;1;11.55773
projection;cuda_base;1048576;16;128;31;32;0;1;1;1;41.505936
projection;cuda_base;1048576;16;128;63;32;0;1;1;1;157.30319
projection;cuda_base;1048576;16;256;7;32;0;1;1;1;4.2454047
projection;cuda_base;1048576;16;256;15;32;0;1;1;1;14.67025
projection;cuda_base;1048576;16;256;31;32;0;1;1;1;48.245323
projection;cuda_base;1048576;16;256;63;32;0;1;1;1;169.2902
projection;cuda_base;1048576;16;512;7;8;0;1;1;1;6.7403116
projection;cuda_base;1048576;16;512;15;32;0;1;1;1;20.90637
projection;cuda_base;1048576;16;512;31;32;0;1;1;1;61.990868
projection;cuda_base;1048576;16;512;63;32;0;1;1;1;197.8002
projection;cuda_base;1048576;16;1024;7;8;0;1;1;1;6.7367187
projection;cuda_base;1048576;16;1024;15;16;0;1;1;1;33.173748
projection;cuda_base;1048576;16;1024;31;32;0;1;1;1;89.417755
projection;cuda_base;1048576;16;1024;63;32;0;1;1;1;255.4928
projection;cuda_base;1048576;32;128;7;32;0;1;1;1;7.6510453
projection;cuda_base;1048576;32;128;15;256;0;1;1;1;32.102016
projection;cuda_base;1048576;32;128;31;64;0;1;1;1;126.3195
projection;cuda_base;1048576;32;128;63;256;0;1;1;1;494.62607
projection;cuda_base;1048576;32;256;7;32;0;1;1;1;10.0624895
projection;cuda_base;1048576;32;256;15;64;0;1;1;1;37.845104
projection;cuda_base;1048576;32;256;31;256;0;1;1;1;138.68411
projection;cuda_base;1048576;32;256;63;256;0;1;1;1;524.2915
projection;cuda_base;1048576;32;512;7;8;0;1;1;1;14.84301
projection;cuda_base;1048576;32;512;15;128;0;1;1;1;49.845695
projection;cuda_base;1048576;32;512;31;256;0;1;1;1;164.8585
projection;cuda_base;1048576;32;512;63;256;0;1;1;1;577.9097
projection;cuda_base;1048576;32;1024;7;8;0;1;1;1;14.84346
projection;cuda_base;1048576;32;1024;15;8;0;1;1;1;73.72188
projection;cuda_base;1048576;32;1024;31;512;0;1;1;1;217.86551
projection;cuda_base;1048576;32;1024;63;512;0;1;1;1;688.3343
projection;cuda_base;1048576;64;128;7;512;0;1;1;1;14.612849
projection;cuda_base;1048576;64;128;15;256;0;1;1;1;61.23977
projection;cuda_base;1048576;64;128;31;512;0;1;1;1;242.83562
projection;cuda_base;1048576;64;128;63;512;0;1;1;1;960.83905
projection;cuda_base;1048576;64;256;7;128;0;1;1;1;19.35155
projection;cuda_base;1048576;64;256;15;512;0;1;1;1;73.01729
projection;cuda_base;1048576;64;256;31;512;0;1;1;1;268.8355
projection;cuda_base;1048576;64;256;63;512;0;1;1;1;1017.15497
projection;cuda_base;1048576;64;512;7;8;0;1;1;1;28.75068
projection;cuda_base;1048576;64;512;15;64;0;1;1;1;96.63683
projection;cuda_base;1048576;64;512;31;128;0;1;1;1;321.3961
projection;cuda_base;1048576;64;512;63;512;0;1;1;1;1128.4219
projection;cuda_base;1048576;64;1024;7;8;0;1;1;1;28.780651
projection;cuda_base;1048576;64;1024;15;8;0;1;1;1;143.2622
projection;cuda_base;1048576;64;1024;31;256;0;1;1;1;425.8549
projection;cuda_base;1048576;64;1024;63;256;0;1;1;1;1347.312
projection;cuda_block_multi;1048576;4;128;7;8;49152;4;1;1;0.94946223
projection;cuda_block_multi;1048576;4;128;15;8;49152;4;1;1;2.168286
projection;cuda_block_multi;1048576;4;128;31;8;49152;4;1;1;7.3962464
projection;cuda_block_multi;1048576;4;128;63;16;49152;4;1;1;34.34133
projection;cuda_block_multi;1048576;4;256;7;8;49152;4;1;1;0.95800877
projection;cuda_block_multi;1048576;4;256;15;8;49152;4;1;1;2.166289
projection;cuda_block_multi;1048576;4;256;31;8;49152;4;1;1;7.414875
projection;cuda_block_multi;1048576;4;256;63;16;49152;4;1;1;34.31204
projection;cuda_block_multi;1048576;4;512;7;8;49152;4;1;1;0.9511522
projection;cuda_block_multi;1048576;4;512;15;8;49152;4;1;1;2.1772838
projection;cuda_block_multi;1048576;4;512;31;8;49152;4;1;1;7.4018507
projection;cuda_block_multi;1048576;4;512;63;16;49152;4;1;1;34.32426
projection;cuda_block_multi;1048576;4;1024;7;8;49152;4;1;1;0.96615964
projection;cuda_block_multi;1048576;4;1024;15;8;49152;4;1;1;2.1803732
projection;cuda_block_multi;1048576;4;1024;31;8;49152;4;1;1;7.4519567
projection;cuda_block_multi;1048576;4;1024;63;16;49152;4;1;1;34.303913
projection;cuda_block_multi;1048576;8;128;7;8;49152;4;1;1;0.9861046
projection;cuda_block_multi;1048576;8;128;15;8;49152;4;1;1;2.4225342
projection;cuda_block_multi;1048576;8;128;31;8;49152;4;1;1;8.861288
projection;cuda_block_multi;1048576;8;128;63;32;49152;2;1;1;40.721912
projection;cuda_block_multi;1048576;8;256;7;8;49152;4;1;1;0.9956158
projection;cuda_block_multi;1048576;8;256;15;8;49152;4;1;1;2.430908
projection;cuda_block_multi;1048576;8;256;31;16;49152;4;1;1;8.905474
projection;cuda_block_multi;1048576;8;256;63;32;49152;2;1;1;40.74279
projection;cuda_block_multi;1048576;8;512;7;8;49152;4;1;1;1.0226078
projection;cuda_block_multi;1048576;8;512;15;8;49152;4;1;1;2.437266
projection;cuda_block_multi;1048576;8;512;31;16;49152;4;1;1;8.88145
projection;cuda_block_multi;1048576;8;512;63;32;49152;2;1;1;40.7375
projection;cuda_block_multi;1048576;8;1024;7;8;49152;4;1;1;1.0092062
projection;cuda_block_multi;1048576;8;1024;15;8;49152;4;1;1;2.451179
projection;cuda_block_multi;1048576;8;1024;31;16;49152;4;1;1;8.925619
projection;cuda_block_multi;1048576;8;1024;63;32;49152;2;1;1;40.79713
projection;cuda_block_multi;1048576;16;128;7;8;49152;4;1;1;1.217457
projection;cuda_block_multi;1048576;16;128;15;8;49152;4;1;1;3.592858
projection;cuda_block_multi;1048576;16;128;31;8;49152;4;1;1;14.549841
projection;cuda_block_multi;1048576;16;128;63;16;49152;4;1;1;76.89695
projection;cuda_block_multi;1048576;16;256;7;8;49152;4;1;1;1.201774
projection;cuda_block_multi;1048576;16;256;15;8;49152;4;1;1;3.6180618
projection;cuda_block_multi;1048576;16;256;31;8;49152;4;1;1;14.895151
projection;cuda_block_multi;1048576;16;256;63;16;49152;4;1;1;77.2292
projection;cuda_block_multi;1048576;16;512;7;8;49152;4;1;1;1.2140169
projection;cuda_block_multi;1048576;16;512;15;8;49152;4;1;1;3.6441922
projection;cuda_block_multi;1048576;16;512;31;8;49152;4;1;1;14.970942
projection;cuda_block_multi;1048576;16;512;63;16;49152;4;1;1;77.35338
projection;cuda_block_multi;1048576;16;1024;7;8;49152;4;1;1;1.2404699
projection;cuda_block_multi;1048576;16;1024;15;8;49152;4;1;1;3.6680303
projection;cuda_block_multi;1048576;16;1024;31;8;49152;4;1;1;15.09273
projection;cuda_block_multi;1048576;16;1024;63;16;49152;4;1;1;77.494736
projection;cuda_block_multi;1048576;32;128;7;8;49152;4;1;1;2.242915
projection;cuda_block_multi;1048576;32;128;15;8;49152;4;1;1;9.320959
projection;cuda_block_multi;1048576;32;128;31;8;49152;4;1;1;41.116867
projection;cuda_block_multi;1048576;32;128;63;8;49152;3;1;1;245.53621
projection;cuda_block_multi;1048576;32;256;7;8;49152;4;1;1;2.220757
projection;cuda_block_multi;1048576;32;256;15;8;49152;4;1;1;9.325339
projection;cuda_block_multi;1048576;32;256;31;8;49152;4;1;1;41.505978
projection;cuda_block_multi;1048576;32;256;63;8;49152;3;1;1;248.1423
projection;cuda_block_multi;1048576;32;512;7;8;49152;4;1;1;2.2292
projection;cuda_block_multi;1048576;32;512;15;8;49152;4;1;1;9.340967
projection;cuda_block_multi;1048576;32;512;31;8;49152;4;1;1;41.470345
projection;cuda_block_multi;1048576;32;512;63;8;49152;3;1;1;249.8283
projection;cuda_block_multi;1048576;32;1024;7;8;49152;4;1;1;2.243528
projection;cuda_block_multi;1048576;32;1024;15;8;49152;4;1;1;9.353041
projection;cuda_block_multi;1048576;32;1024;31;8;49152;4;1;1;41.79269
projection;cuda_block_multi;1048576;32;1024;63;8;49152;3;1;1;250.16081
projection;cuda_block_multi;1048576;64;128;7;8;49152;4;1;1;4.021828
projection;cuda_block_multi;1048576;64;128;15;8;49152;4;1;1;18.97287
projection;cuda_block_multi;1048576;64;128;31;8;49152;4;1;1;100.4704
projection;cuda_block_multi;1048576;64;128;63;16;49152;2;1;1;588.1442
projection;cuda_block_multi;1048576;64;256;7;8;49152;4;1;1;4.1773787
projection;cuda_block_multi;1048576;64;256;15;8;49152;4;1;1;19.306808
projection;cuda_block_multi;1048576;64;256;31;8;49152;4;1;1;100.99049
projection;cuda_block_multi;1048576;64;256;63;16;49152;2;1;1;593.823
projection;cuda_block_multi;1048576;64;512;7;8;49152;4;1;1;4.2085543
projection;cuda_block_multi;1048576;64;512;15;8;49152;4;1;1;19.433521
projection;cuda_block_multi;1048576;64;512;31;8;49152;4;1;1;99.355896
projection;cuda_block_multi;1048576;64;512;63;16;49152;2;1;1;592.77655
projection;cuda_block_multi;1048576;64;1024;7;8;49152;4;1;1;4.2882915
projection;cuda_block_multi;1048576;64;1024;15;8;49152;4;1;1;19.595469
projection;cuda_block_multi;1048576;64;1024;31;8;49152;4;1;1;98.91156
projection;cuda_block_multi;1048576;64;1024;63;16;49152;2;1;1;592.59314
projection;cuda_block_aligned;1048576;4;128;7;8;49152;4;1;1;0.8974821
projection;cuda_block_aligned;1048576;4;128;15;8;49152;4;1;1;1.940972
projection;cuda_block_aligned;1048576;4;128;31;32;49152;1;1;1;6.616735
projection;cuda_block_aligned;1048576;4;128;63;32;49152;1;1;1;22.9137
projection;cuda_block_aligned;1048576;4;256;7;8;49152;4;1;1;0.9036113
projection;cuda_block_aligned;1048576;4;256;15;8;49152;4;1;1;1.9453319
projection;cuda_block_aligned;1048576;4;256;31;32;49152;1;1;1;6.6399713
projection;cuda_block_aligned;1048576;4;256;63;32;49152;1;1;1;22.88665
projection;cuda_block_aligned;1048576;4;512;7;8;49152;4;1;1;0.8991753
projection;cuda_block_aligned;1048576;4;512;15;8;49152;4;1;1;1.9527069
projection;cuda_block_aligned;1048576;4;512;31;32;49152;1;1;1;6.6248703
projection;cuda_block_aligned;1048576;4;512;63;32;49152;1;1;1;22.879929
projection;cuda_block_aligned;1048576;4;1024;7;8;49152;4;1;1;0.9482603
projection;cuda_block_aligned;1048576;4;1024;15;8;49152;4;1;1;1.9611552
projection;cuda_block_aligned;1048576;4;1024;31;32;49152;1;1;1;6.6522775
projection;cuda_block_aligned;1048576;4;1024;63;32;49152;1;1;1;22.91342
projection;cuda_block_aligned;1048576;8;128;7;8;49152;4;1;1;0.9569395
projection;cuda_block_aligned;1048576;8;128;15;8;49152;4;1;1;2.267487
projection;cuda_block_aligned;1048576;8;128;31;32;49152;1;1;1;7.529387
projection;cuda_block_aligned;1048576;8;128;63;32;49152;1;1;1;26.760809
projection;cuda_block_aligned;1048576;8;256;7;8;49152;4;1;1;0.960861
projection;cuda_block_aligned;1048576;8;256;15;8;49152;4;1;1;2.2672632
projection;cuda_block_aligned;1048576;8;256;31;32;49152;1;1;1;7.5514326
projection;cuda_block_aligned;1048576;8;256;63;32;49152;1;1;1;26.783772
projection;cuda_block_aligned;1048576;8;512;7;8;49152;4;1;1;0.9575063
projection;cuda_block_aligned;1048576;8;512;15;8;49152;4;1;1;2.2827382
projection;cuda_block_aligned;1048576;8;512;31;32;49152;1;1;1;7.5344834
projection;cuda_block_aligned;1048576;8;512;63;32;49152;1;1;1;26.7763
projection;cuda_block_aligned;1048576;8;1024;7;8;49152;4;1;1;0.97398347
projection;cuda_block_aligned;1048576;8;1024;15;8;49152;4;1;1;2.312374
projection;cuda_block_aligned;1048576;8;1024;31;32;49152;1;1;1;7.5660987
projection;cuda_block_aligned;1048576;8;1024;63;32;49152;1;1;1;26.8344
projection;cuda_block_aligned;1048576;16;128;7;8;49152;4;1;1;1.2405111
projection;cuda_block_aligned;1048576;16;128;15;8;49152;4;1;1;3.3980331
projection;cuda_block_aligned;1048576;16;128;31;16;49152;4;1;1;11.25337
projection;cuda_block_aligned;1048576;16;128;63;32;49152;4;1;1;40.522427
projection;cuda_block_aligned;1048576;16;256;7;8;49152;4;1;1;1.3020099
projection;cuda_block_aligned;1048576;16;256;15;8;49152;4;1;1;3.501141
projection;cuda_block_aligned;1048576;16;256;31;32;49152;2;1;1;11.33111
projection;cuda_block_aligned;1048576;16;256;63;32;49152;4;1;1;40.56312
projection;cuda_block_aligned;1048576;16;512;7;8;49152;4;1;1;1.347558
projection;cuda_block_aligned;1048576;16;512;15;16;49152;4;1;1;3.554747
projection;cuda_block_aligned;1048576;16;512;31;32;49152;2;1;1;11.32529
projection;cuda_block_aligned;1048576;16;512;63;32;49152;4;1;1;40.632603
projection;cuda_block_aligned;1048576;16;1024;7;8;49152;4;1;1;1.375464
projection;cuda_block_aligned;1048576;16;1024;15;16;49152;4;1;1;3.5660348
projection;cuda_block_aligned;1048576;16;1024;31;32;49152;2;1;1;11.35326
projection;cuda_block_aligned;1048576;16;1024;63;32;49152;4;1;1;40.71421
projection;cuda_block_aligned;1048576;32;128;7;8;49152;4;1;1;2.3017201
projection;cuda_block_aligned;1048576;32;128;15;16;49152;4;1;1;8.344404
projection;cuda_block_aligned;1048576;32;128;31;32;49152;4;1;1;32.893204
projection;cuda_block_aligned;1048576;32;128;63;64;49152;4;1;1;130.5811
projection;cuda_block_aligned;1048576;32;256;7;8;49152;4;1;1;2.355845
projection;cuda_block_aligned;1048576;32;256;15;16;49152;4;1;1;8.358605
projection;cuda_block_aligned;1048576;32;256;31;32;49152;4;1;1;32.897312
projection;cuda_block_aligned;1048576;32;256;63;64;49152;4;1;1;130.60289
projection;cuda_block_aligned;1048576;32;512;7;8;49152;4;1;1;2.361578
projection;cuda_block_aligned;1048576;32;512;15;16;49152;4;1;1;8.395043
projection;cuda_block_aligned;1048576;32;512;31;32;49152;4;1;1;32.919098
projection;cuda_block_aligned;1048576;32;512;63;64;49152;4;1;1;130.6431
projection;cuda_block_aligned;1048576;32;1024;7;8;49152;4;1;1;2.401036
projection;cuda_block_aligned;1048576;32;1024;15;16;49152;4;1;1;8.44593
projection;cuda_block_aligned;1048576;32;1024;31;32;49152;4;1;1;32.95044
projection;cuda_block_aligned;1048576;32;1024;63;64;49152;4;1;1;130.7119
projection;cuda_block_aligned;1048576;64;128;7;16;49152;4;1;1;4.104389
projection;cuda_block_aligned;1048576;64;128;15;32;49152;4;1;1;15.6881695
projection;cuda_block_aligned;1048576;64;128;31;64;49152;4;1;1;64.38173
projection;cuda_block_aligned;1048576;64;128;63;128;49152;2;1;1;257.83398
projection;cuda_block_aligned;1048576;64;256;7;16;49152;4;1;1;4.207841
projection;cuda_block_aligned;1048576;64;256;15;32;49152;4;1;1;15.8101015
projection;cuda_block_aligned;1048576;64;256;31;64;49152;4;1;1;64.38451
projection;cuda_block_aligned;1048576;64;256;63;128;49152;2;1;1;257.8552
projection;cuda_block_aligned;1048576;64;512;7;16;49152;4;1;1;4.2101717
projection;cuda_block_aligned;1048576;64;512;15;32;49152;4;1;1;15.822922
projection;cuda_block_aligned;1048576;64;512;31;64;49152;4;1;1;64.43164
projection;cuda_block_aligned;1048576;64;512;63;128;49152;2;1;1;257.90613
projection;cuda_block_aligned;1048576;64;1024;7;16;49152;4;1;1;4.251492
projection;cuda_block_aligned;1048576;64;1024;15;32;49152;4;1;1;15.857611
projection;cuda_block_aligned;1048576;64;1024;31;64;49152;4;1;1;64.41628
projection;cuda_block_aligned;1048576;64;1024;63;128;49152;2;1;1;257.9476
projection;cuda_block_aligned_register;1048576;4;128;7;8;49152;4;1;1;1.1327755
projection;cuda_block_aligned_register;1048576;4;128;15;8;49152;4;1;1;1.9208939
projection;cuda_block_aligned_register;1048576;4;128;31;8;49152;4;1;1;5.50427
projection;cuda_block_aligned_register;1048576;4;128;63;16;49152;4;1;1;19.631159
projection;cuda_block_aligned_register;1048576;4;256;7;8;49152;4;1;1;1.1653156
projection;cuda_block_aligned_register;1048576;4;256;15;8;49152;4;1;1;1.9084702
projection;cuda_block_aligned_register;1048576;4;256;31;8;49152;4;1;1;5.6050463
projection;cuda_block_aligned_register;1048576;4;256;63;16;49152;4;1;1;19.5573
projection;cuda_block_aligned_register;1048576;4;512;7;8;49152;4;1;1;1.1355833
projection;cuda_block_aligned_register;1048576;4;512;15;8;49152;4;1;1;1.9283221
projection;cuda_block_aligned_register;1048576;4;512;31;8;49152;4;1;1;5.541351
projection;cuda_block_aligned_register;1048576;4;512;63;16;49152;4;1;1;19.598768
projection;cuda_block_aligned_register;1048576;4;1024;7;8;49152;4;1;1;1.1658056
projection;cuda_block_aligned_register;1048576;4;1024;15;8;49152;4;1;1;1.9399589
projection;cuda_block_aligned_register;1048576;4;1024;31;8;49152;4;1;1;5.706768
projection;cuda_block_aligned_register;1048576;4;1024;63;16;49152;4;1;1;19.61506
projection;cuda_block_aligned_register;1048576;8;128;7;8;49152;4;1;1;1.262832
projection;cuda_block_aligned_register;1048576;8;128;15;8;49152;4;1;1;2.325983
projection;cuda_block_aligned_register;1048576;8;128;31;8;49152;4;1;1;7.018279
projection;cuda_block_aligned_register;1048576;8;128;63;32;49152;4;1;1;23.377308
projection;cuda_block_aligned_register;1048576;8;256;7;8;49152;4;1;1;1.268519
projection;cuda_block_aligned_register;1048576;8;256;15;8;49152;4;1;1;2.326826
projection;cuda_block_aligned_register;1048576;8;256;31;16;49152;4;1;1;7.1122675
projection;cuda_block_aligned_register;1048576;8;256;63;32;49152;4;1;1;23.36701
projection;cuda_block_aligned_register;1048576;8;512;7;8;49152;4;1;1;1.2801889
projection;cuda_block_aligned_register;1048576;8;512;15;8;49152;4;1;1;2.398039
projection;cuda_block_aligned_register;1048576;8;512;31;16;49152;4;1;1;7.0476713
projection;cuda_block_aligned_register;1048576;8;512;63;32;49152;4;1;1;23.39298
projection;cuda_block_aligned_register;1048576;8;1024;7;8;49152;4;1;1;1.2887459
projection;cuda_block_aligned_register;1048576;8;1024;15;8;49152;4;1;1;2.407737
projection;cuda_block_aligned_register;1048576;8;1024;31;16;49152;4;1;1;7.146165
projection;cuda_block_aligned_register;1048576;8;1024;63;32;49152;4;1;1;23.40673
projection;cuda_block_aligned_register;1048576;16;128;7;8;49152;4;1;1;1.658111
projection;cuda_block_aligned_register;1048576;16;128;15;8;49152;4;1;1;3.351862
projection;cuda_block_aligned_register;1048576;16;128;31;16;49152;4;1;1;11.42153
projection;cuda_block_aligned_register;1048576;16;128;63;32;49152;2;1;1;40.50994
projection;cuda_block_aligned_register;1048576;16;256;7;8;49152;4;1;1;1.705774
projection;cuda_block_aligned_register;1048576;16;256;15;8;49152;4;1;1;3.3939757
projection;cuda_block_aligned_register;1048576;16;256;31;16;49152;4;1;1;11.5305805
projection;cuda_block_aligned_register;1048576;16;256;63;32;49152;2;1;1;40.626106
projection;cuda_block_aligned_register;1048576;16;512;7;8;49152;4;1;1;1.7118909
projection;cuda_block_aligned_register;1048576;16;512;15;8;49152;4;1;1;3.4388347
projection;cuda_block_aligned_register;1048576;16;512;31;16;49152;4;1;1;11.57234
projection;cuda_block_aligned_register;1048576;16;512;63;32;49152;2;1;1;40.728477
projection;cuda_block_aligned_register;1048576;16;1024;7;8;49152;4;1;1;1.7702402
projection;cuda_block_aligned_register;1048576;16;1024;15;8;49152;4;1;1;3.462689
projection;cuda_block_aligned_register;1048576;16;1024;31;16;49152;4;1;1;11.634201
projection;cuda_block_aligned_register;1048576;16;1024;63;32;49152;2;1;1;40.836998
projection;cuda_block_aligned_register;1048576;32;128;7;8;49152;4;1;1;2.2014909
projection;cuda_block_aligned_register;1048576;32;128;15;8;49152;3;1;1;6.031783
projection;cuda_block_aligned_register;1048576;32;128;31;32;49152;2;1;1;20.331072
projection;cuda_block_aligned_register;1048576;32;128;63;64;49152;1;1;1;72.814896
projection;cuda_block_aligned_register;1048576;32;256;7;8;49152;4;1;1;2.265584
projection;cuda_block_aligned_register;1048576;32;256;15;8;49152;3;1;1;6.154366
projection;cuda_block_aligned_register;1048576;32;256;31;32;49152;2;1;1;20.191
projection;cuda_block_aligned_register;1048576;32;256;63;64;49152;1;1;1;72.84837
projection;cuda_block_aligned_register;1048576;32;512;7;8;49152;4;1;1;2.259486
projection;cuda_block_aligned_register;1048576;32;512;15;8;49152;4;1;1;6.227721
projection;cuda_block_aligned_register;1048576;32;512;31;32;49152;2;1;1;20.14986
projection;cuda_block_aligned_register;1048576;32;512;63;64;49152;2;1;1;72.887436
projection;cuda_block_aligned_register;1048576;32;1024;7;8;49152;4;1;1;2.3240428
projection;cuda_block_aligned_register;1048576;32;1024;15;8;49152;3;1;1;6.2906637
projection;cuda_block_aligned_register;1048576;32;1024;31;32;49152;2;1;1;20.1966
projection;cuda_block_aligned_register;1048576;32;1024;63;64;49152;2;1;1;73.001945
projection;cuda_block_aligned_register;1048576;64;128;7;8;49152;4;1;1;4.2559843
projection;cuda_block_aligned_register;1048576;64;128;15;32;49152;4;1;1;10.190081
projection;cuda_block_aligned_register;1048576;64;128;31;64;49152;2;1;1;36.45577
projection;cuda_block_aligned_register;1048576;64;128;63;128;49152;1;1;1;139.43701
projection;cuda_block_aligned_register;1048576;64;256;7;8;49152;4;1;1;4.2791247
projection;cuda_block_aligned_register;1048576;64;256;15;32;49152;4;1;1;10.2163
projection;cuda_block_aligned_register;1048576;64;256;31;64;49152;2;1;1;36.560158
projection;cuda_block_aligned_register;1048576;64;256;63;128;49152;1;1;1;139.44801
projection;cuda_block_aligned_register;1048576;64;512;7;8;49152;4;1;1;4.2733736
projection;cuda_block_aligned_register;1048576;64;512;15;16;49152;4;1;1;10.38558
projection;cuda_block_aligned_register;1048576;64;512;31;64;49152;2;1;1;36.97223
projection;cuda_block_aligned_register;1048576;64;512;63;128;49152;1;1;1;139.52791
projection;cuda_block_aligned_register;1048576;64;1024;7;8;49152;4;1;1;4.355443
projection;cuda_block_aligned_register;1048576;64;1024;15;16;49152;4;1;1;10.40183
projection;cuda_block_aligned_register;1048576;64;1024;31;64;49152;2;1;1;37.07325
projection;cuda_block_aligned_register;1048576;64;1024;63;128;49152;1;1;1;139.61699
topk;serial;1048576;4;128;8;256;0;1;1;1;1000.02136
topk;serial;1048576;4;128;16;256;0;1;1;1;1964.9869
topk;serial;1048576;4;128;32;256;0;1;1;1;3907.4636
topk;serial;1048576;4;128;64;256;0;1;1;1;7494.186
topk;serial;1048576;4;256;8;256;0;1;1;1;1462.4009
topk;serial;1048576;4;256;16;256;0;1;1;1;2753.394
topk;serial;1048576;4;256;32;256;0;1;1;1;5738.393
topk;serial;1048576;4;256;64;256;0;1;1;1;12654.01
topk;serial;1048576;4;512;8;256;0;1;1;1;2059.8672
topk;serial;1048576;4;512;16;256;0;1;1;1;3659.423
topk;serial;1048576;4;512;32;256;0;1;1;1;7518.4062
topk;serial;1048576;4;512;64;256;0;1;1;1;17248.559
topk;serial;1048576;4;1024;8;256;0;1;1;1;3166.1501
topk;serial;1048576;4;1024;16;256;0;1;1;1;5112.2563
topk;serial;1048576;4;1024;32;256;0;1;1;1;9965.236
topk;serial;1048576;4;1024;64;256;0;1;1;1;23035.95
topk;serial;1048576;8;128;8;256;0;1;1;1;1352.045
topk;serial;1048576;8;128;16;256;0;1;1;1;2414.455
topk;serial;1048576;8;128;32;256;0;1;1;1;4552.954
topk;serial;1048576;8;128;64;256;0;1;1;1;8233.177
topk;serial;1048576;8;256;8;256;0;1;1;1;1764.083
topk;serial;1048576;8;256;16;256;0;1;1;1;3179.116
topk;serial;1048576;8;256;32;256;0;1;1;1;6343.5005
topk;serial;1048576;8;256;64;256;0;1;1;1;13468.971
topk;serial;1048576;8;512;8;256;0;1;1;1;2621.649
topk;serial;1048576;8;512;16;256;0;1;1;1;4275.833
topk;serial;1048576;8;512;32;256;0;1;1;1;8348.083
topk;serial;1048576;8;512;64;256;0;1;1;1;18442.688
topk;serial;1048576;8;1024;8;256;0;1;1;1;4144.4243
topk;serial;1048576;8;1024;16;256;0;1;1;1;6312.667
topk;serial;1048576;8;1024;32;256;0;1;1;1;11483.2705
topk;serial;1048576;8;1024;64;256;0;1;1;1;24941.52
topk;serial;1048576;16;128;8;256;0;1;1;1;1653.834
topk;serial;1048576;16;128;16;256;0;1;1;1;2725.351
topk;serial;1048576;16;128;32;256;0;1;1;1;4973.2617
topk;serial;1048576;16;128;64;256;0;1;1;1;8774.852
topk;serial;1048576;16;256;8;256;0;1;1;1;2535.242
topk;serial;1048576;16;256;16;256;0;1;1;1;4035.709
topk;serial;1048576;16;256;32;256;0;1;1;1;7355.307
topk;serial;1048576;16;256;64;256;0;1;1;1;14702.37
topk;serial;1048576;16;512;8;256;0;1;1;1;4111.116
topk;serial;1048576;16;512;16;256;0;1;1;1;5966.952
topk;serial;1048576;16;512;32;256;0;1;1;1;10481.51
topk;serial;1048576;16;512;64;256;0;1;1;1;21615.158
topk;serial;1048576;16;1024;8;256;0;1;1;1;6771.573
topk;serial;1048576;16;1024;16;256;0;1;1;1;8932.654
topk;serial;1048576;16;1024;32;256;0;1;1;1;14329.471
topk;serial;1048576;16;1024;64;256;0;1;1;1;28158.166
topk;serial;1048576;32;128;8;256;0;1;1;1;2729.297
topk;serial;1048576;32;128;16;256;0;1;1;1;3953.1328
topk;serial;1048576;32;128;32;256;0;1;1;1;6331.5654
topk;serial;1048576;32;128;64;256;0;1;1;1;10268.48
topk;serial;1048576;32;256;8;256;0;1;1;1;4477.194
topk;serial;1048576;32;256;16;256;0;1;1;1;6068.8755
topk;serial;1048576;32;256;32;256;0;1;1;1;9739.311
topk;serial;1048576;32;256;64;256;0;1;1;1;17747.34
topk;serial;1048576;32;512;8;256;0;1;1;1;7559.5337
topk;serial;1048576;32;512;16;256;0;1;1;1;9540.496
topk;serial;1048576;32;512;32;256;0;1;1;1;14181.1
topk;serial;1048576;32;512;64;256;0;1;1;1;25383.328
topk;serial;1048576;32;1024;8;256;0;1;1;1;13688.661
topk;serial;1048576;32;1024;16;256;0;1;1;1;15872.55
topk;serial;1048576;32;1024;32;256;0;1;1;1;21337.73
topk;serial;1048576;32;1024;64;256;0;1;1;1;35436.15
topk;serial;1048576;64;128;8;256;0;1;1;1;5110.061
topk;serial;1048576;64;128;16;256;0;1;1;1;6533.664
topk;serial;1048576;64;128;32;256;0;1;1;1;9261.394
topk;serial;1048576;64;128;64;256;0;1;1;1;13330.45
topk;serial;1048576;64;256;8;256;0;1;1;1;8961.201
topk;serial;1048576;64;256;16;256;0;1;1;1;10631.731
topk;serial;1048576;64;256;32;256;0;1;1;1;14460.65
topk;serial;1048576;64;256;64;256;0;1;1;1;22377.32
topk;serial;1048576;64;512;8;256;0;1;1;1;16414.22
topk;serial;1048576;64;512;16;256;0;1;1;1;18561.25
topk;serial;1048576;64;512;32;256;0;1;1;1;23465.02
topk;serial;1048576;64;512;64;256;0;1;1;1;34778.97
topk;serial;1048576;64;1024;8;256;0;1;1;1;31497.969
topk;serial;1048576;64;1024;16;256;0;1;1;1;34038.99
topk;serial;1048576;64;1024;32;256;0;1;1;1;40002.2
topk;serial;1048576;64;1024;64;256;0;1;1;1;55087.188
topk;cuda_base;1048576;4;128;8;16;0;1;1;1;6.185055
topk;cuda_base;1048576;4;128;16;8;0;1;1;1;24.3203
topk;cuda_base;1048576;4;128;32;8;0;1;1;1;64.988
topk;cuda_base;1048576;4;128;64;8;0;1;1;1;159.317
topk;cuda_base;1048576;4;256;8;32;0;1;1;1;10.1248
topk;cuda_base;1048576;4;256;16;8;0;1;1;1;32.3784
topk;cuda_base;1048576;4;256;32;8;0;1;1;1;91.8193
topk;cuda_base;1048576;4;256;64;8;0;1;1;1;260.439
topk;cuda_base;1048576;4;512;8;128;0;1;1;1;13.2208
topk;cuda_base;1048576;4;512;16;16;0;1;1;1;40.9954
topk;cuda_base;1048576;4;512;32;8;0;1;1;1;116.657
topk;cuda_base;1048576;4;512;64;8;0;1;1;1;349.408
topk;cuda_base;1048576;4;1024;8;64;0;1;1;1;19.3175
topk;cuda_base;1048576;4;1024;16;16;0;1;1;1;56.0249
topk;cuda_base;1048576;4;1024;32;8;0;1;1;1;150.236
topk;cuda_base;1048576;4;1024;64;8;0;1;1;1;459.963
topk;cuda_base;1048576;8;128;8;16;0;1;1;1;9.78805
topk;cuda_base;1048576;8;128;16;8;0;1;1;1;28.5489
topk;cuda_base;1048576;8;128;32;8;0;1;1;1;70.716
topk;cuda_base;1048576;8;128;64;8;0;1;1;1;169.456
topk;cuda_base;1048576;8;256;8;32;0;1;1;1;12.4897
topk;cuda_base;1048576;8;256;16;8;0;1;1;1;35.6797
topk;cuda_base;1048576;8;256;32;8;0;1;1;1;94.0776
topk;cuda_base;1048576;8;256;64;8;0;1;1;1;263.134
topk;cuda_base;1048576;8;512;8;64;0;1;1;1;18.7933
topk;cuda_base;1048576;8;512;16;16;0;1;1;1;46.7819
topk;cuda_base;1048576;8;512;32;8;0;1;1;1;121.023
topk;cuda_base;1048576;8;512;64;8;0;1;1;1;352.261
topk;cuda_base;1048576;8;1024;8;128;0;1;1;1;30.1677
topk;cuda_base;1048576;8;1024;16;16;0;1;1;1;68.4364
topk;cuda_base;1048576;8;1024;32;16;0;1;1;1;166.984
topk;cuda_base;1048576;8;1024;64;8;0;1;1;1;474.332
topk;cuda_base;1048576;16;128;8;32;0;1;1;1;14.2558
topk;cuda_base;1048576;16;128;16;16;0;1;1;1;31.3775
topk;cuda_base;1048576;16;128;32;8;0;1;1;1;69.98
topk;cuda_base;1048576;16;128;64;8;0;1;1;1;165.034
topk;cuda_base;1048576;16;256;8;32;0;1;1;1;23.8543
topk;cuda_base;1048576;16;256;16;16;0;1;1;1;47.6308
topk;cuda_base;1048576;16;256;32;8;0;1;1;1;106.627
topk;cuda_base;1048576;16;256;64;8;0;1;1;1;268.52
topk;cuda_base;1048576;16;512;8;32;0;1;1;1;41.8184
topk;cuda_base;1048576;16;512;16;16;0;1;1;1;73.3813
topk;cuda_base;1048576;16;512;32;16;0;1;1;1;152.147
topk;cuda_base;1048576;16;512;64;8;0;1;1;1;393.726
topk;cuda_base;1048576;16;1024;8;32;0;1;1;1;75.4868
topk;cuda_base;1048576;16;1024;16;32;0;1;1;1;112.052
topk;cuda_base;1048576;16;1024;32;16;0;1;1;1;208.169
topk;cuda_base;1048576;16;1024;64;8;0;1;1;1;509.095
topk;cuda_base;1048576;32;128;8;32;0;1;1;1;37.3309
topk;cuda_base;1048576;32;128;16;16;0;1;1;1;55.5383
topk;cuda_base;1048576;32;128;32;8;0;1;1;1;97.0483
topk;cuda_base;1048576;32;128;64;8;0;1;1;1;187.24
topk;cuda_base;1048576;32;256;8;32;0;1;1;1;68.9884
topk;cuda_base;1048576;32;256;16;16;0;1;1;1;93.4309
topk;cuda_base;1048576;32;256;32;16;0;1;1;1;154.313
topk;cuda_base;1048576;32;256;64;8;0;1;1;1;321.19
topk;cuda_base;1048576;32;512;8;32;0;1;1;1;130.022
topk;cuda_base;1048576;32;512;16;16;0;1;1;1;159.692
topk;cuda_base;1048576;32;512;32;16;0;1;1;1;235.101
topk;cuda_base;1048576;32;512;64;8;0;1;1;1;467.908
topk;cuda_base;1048576;32;1024;8;32;0;1;1;1;252.038
topk;cuda_base;1048576;32;1024;16;16;0;1;1;1;289.692
topk;cuda_base;1048576;32;1024;32;16;0;1;1;1;378.006
topk;cuda_base;1048576;32;1024;64;8;0;1;1;1;673.725
topk;cuda_base;1048576;64;128;8;64;0;1;1;1;65.5031
topk;cuda_base;1048576;64;128;16;64;0;1;1;1;85.7713
topk;cuda_base;1048576;64;128;32;16;0;1;1;1;130.446
topk;cuda_base;1048576;64;128;64;8;0;1;1;1;223.277
topk;cuda_base;1048576;64;256;8;64;0;1;1;1;125.432
topk;cuda_base;1048576;64;256;16;64;0;1;1;1;148.525
topk;cuda_base;1048576;64;256;32;16;0;1;1;1;208.985
topk;cuda_base;1048576;64;256;64;8;0;1;1;1;368.312
topk;cuda_base;1048576;64;512;8;64;0;1;1;1;244.318
topk;cuda_base;1048576;64;512;16;64;0;1;1;1;270.017
topk;cuda_base;1048576;64;512;32;16;0;1;1;1;352.322
topk;cuda_base;1048576;64;512;64;16;0;1;1;1;579.923
topk;cuda_base;1048576;64;1024;8;64;0;1;1;1;482.569
topk;cuda_base;1048576;64;1024;16;128;0;1;1;1;512.955
topk;cuda_base;1048576;64;1024;32;64;0;1;1;1;620.903
topk;cuda_base;1048576;64;1024;64;16;0;1;1;1;917.894
topk;cuda_radixsort;1048576;4;128;8;128;49152;1;1;1;15.613989
topk;cuda_radixsort;1048576;4;128;16;128;49152;1;1;1;23.3608
topk;cuda_radixsort;1048576;4;128;32;128;49152;1;1;1;49.8049
topk;cuda_radixsort;1048576;4;128;64;128;49152;1;1;1;155.772
topk;cuda_radixsort;1048576;4;256;8;256;49152;1;1;1;31.36
topk;cuda_radixsort;1048576;4;256;16;128;49152;1;1;1;40.5624
topk;cuda_radixsort;1048576;4;256;32;128;49152;1;1;1;79.6247
topk;cuda_radixsort;1048576;4;256;64;128;49152;1;1;1;238.054
topk;cuda_radixsort;1048576;4;512;8;256;49152;1;1;1;58.5733
topk;cuda_radixsort;1048576;4;512;16;128;49152;1;1;1;71.3721
topk;cuda_radixsort;1048576;4;512;32;128;49152;1;1;1;123.886
topk;cuda_radixsort;1048576;4;512;64;128;49152;1;1;1;341.221
topk;cuda_radixsort;1048576;4;1024;8;256;49152;1;1;1;112.315
topk;cuda_radixsort;1048576;4;1024;16;128;49152;1;1;1;129.341
topk;cuda_radixsort;1048576;4;1024;32;128;49152;1;1;1;196.537
topk;cuda_radixsort;1048576;4;1024;64;128;49152;1;1;1;480.355
topk;cuda_radixsort;1048576;8;128;8;128;49152;1;1;1;18.8217
topk;cuda_radixsort;1048576;8;128;16;128;49152;1;1;1;24.7957
topk;cuda_radixsort;1048576;8;128;32;128;49152;1;1;1;51.3486
topk;cuda_radixsort;1048576;8;128;64;128;49152;1;1;1;157.407
topk;cuda_radixsort;1048576;8;256;8;256;49152;1;1;1;34.4035
topk;cuda_radixsort;1048576;8;256;16;128;49152;1;1;1;43.4391
topk;cuda_radixsort;1048576;8;256;32;128;49152;1;1;1;82.8715
topk;cuda_radixsort;1048576;8;256;64;128;49152;1;1;1;243.429
topk;cuda_radixsort;1048576;8;512;8;256;49152;1;1;1;64.3354
topk;cuda_radixsort;1048576;8;512;16;128;49152;1;1;1;77.0188
topk;cuda_radixsort;1048576;8;512;32;128;49152;1;1;1;129.212
topk;cuda_radixsort;1048576;8;512;64;128;49152;1;1;1;346.382
topk;cuda_radixsort;1048576;8;1024;8;256;49152;1;1;1;123.182
topk;cuda_radixsort;1048576;8;1024;16;128;49152;1;1;1;140.565
topk;cuda_radixsort;1048576;8;1024;32;128;49152;1;1;1;206.827
topk;cuda_radixsort;1048576;8;1024;64;128;49152;1;1;1;488.381
topk;cuda_radixsort;1048576;16;128;8;128;49152;1;1;1;24.9582
topk;cuda_radixsort;1048576;16;128;16;128;49152;1;1;1;30.7301
topk;cuda_radixsort;1048576;16;128;32;128;49152;1;1;1;56.6361
topk;cuda_radixsort;1048576;16;128;64;128;49152;1;1;1;162.418
topk;cuda_radixsort;1048576;16;256;8;256;49152;1;1;1;45.295
topk;cuda_radixsort;1048576;16;256;16;128;49152;1;1;1;55.0721
topk;cuda_radixsort;1048576;16;256;32;128;49152;1;1;1;93.7329
topk;cuda_radixsort;1048576;16;256;64;128;49152;1;1;1;252.196
topk;cuda_radixsort;1048576;16;512;8;256;49152;1;1;1;86.6931
topk;cuda_radixsort;1048576;16;512;16;128;49152;1;1;1;101.42
topk;cuda_radixsort;1048576;16;512;32;128;49152;1;1;1;155.731
topk;cuda_radixsort;1048576;16;512;64;128;49152;1;1;1;382.775
topk;cuda_radixsort;1048576;16;1024;8;256;49152;1;1;1;167.095
topk;cuda_radixsort;1048576;16;1024;16;128;49152;1;1;1;187.248
topk;cuda_radixsort;1048576;16;1024;32;128;49152;1;1;1;251.309
topk;cuda_radixsort;1048576;16;1024;64;128;49152;1;1;1;531.256
topk;cuda_radixsort;1048576;32;128;8;128;49152;1;1;1;53.8056
topk;cuda_radixsort;1048576;32;128;16;128;49152;1;1;1;57.1926
topk;cuda_radixsort;1048576;32;128;32;128;49152;1;1;1;79.8856
topk;cuda_radixsort;1048576;32;128;64;128;49152;1;1;1;184.929
topk;cuda_radixsort;1048576;32;256;8;256;49152;1;1;1;92.1981
topk;cuda_radixsort;1048576;32;256;16;256;49152;1;1;1;100.659
topk;cuda_radixsort;1048576;32;256;32;128;49152;1;1;1;142.06
topk;cuda_radixsort;1048576;32;256;64;128;49152;1;1;1;298.863
topk;cuda_radixsort;1048576;32;512;8;256;49152;1;1;1;178.781
topk;cuda_radixsort;1048576;32;512;16;256;49152;1;1;1;192.849
topk;cuda_radixsort;1048576;32;512;32;128;49152;1;1;1;251.143
topk;cuda_radixsort;1048576;32;512;64;128;49152;1;1;1;463.463
topk;cuda_radixsort;1048576;32;1024;8;256;49152;1;1;1;345.748
topk;cuda_radixsort;1048576;32;1024;16;256;49152;1;1;1;362.55
topk;cuda_radixsort;1048576;32;1024;32;128;49152;1;1;1;437.832
topk;cuda_radixsort;1048576;32;1024;64;128;49152;1;1;1;706.265
topk;cuda_radixsort;1048576;64;128;8;128;49152;1;1;1;89.5967
topk;cuda_radixsort;1048576;64;128;16;128;49152;1;1;1;93.3378
topk;cuda_radixsort;1048576;64;128;32;128;49152;1;1;1;110.982
topk;cuda_radixsort;1048576;64;128;64;128;49152;1;1;1;215.209
topk;cuda_radixsort;1048576;64;256;8;256;49152;1;1;1;156.227
topk;cuda_radixsort;1048576;64;256;16;256;49152;1;1;1;162.476
topk;cuda_radixsort;1048576;64;256;32;128;49152;1;1;1;203.162
topk;cuda_radixsort;1048576;64;256;64;128;49152;1;1;1;348.776
topk;cuda_radixsort;1048576;64;512;8;256;49152;1;1;1;295.973
topk;cuda_radixsort;1048576;64;512;16;256;49152;1;1;1;303.484
topk;cuda_radixsort;1048576;64;512;32;256;49152;1;1;1;362.243
topk;cuda_radixsort;1048576;64;512;64;128;49152;1;1;1;566.17
topk;cuda_radixsort;1048576;64;1024;8;256;49152;1;1;1;582.046
topk;cuda_radixsort;1048576;64;1024;16;256;49152;1;1;1;591.946
topk;cuda_radixsort;1048576;64;1024;32;256;49152;1;1;1;657.685
topk;cuda_radixsort;1048576;64;1024;64;128;49152;1;1;1;929.975
topk;cuda_bitonicopt;1048576;4;128;8;128;49152;1;1;1;2.7322798
topk;cuda_bitonicopt;1048576;4;128;16;256;49152;1;1;1;5.93824
topk;cuda_bitonicopt;1048576;4;128;32;128;49152;1;1;1;6.80664
topk;cuda_bitonicopt;1048576;4;128;64;128;49152;1;1;1;7.84997
topk;cuda_bitonicopt;1048576;4;256;8;256;49152;1;1;1;6.81993
topk;cuda_bitonicopt;1048576;4;256;16;256;49152;1;1;1;9.83136
topk;cuda_bitonicopt;1048576;4;256;32;256;49152;1;1;1;12.1738
topk;cuda_bitonicopt;1048576;4;256;64;128;49152;1;1;1;14.9442
topk;cuda_bitonicopt;1048576;4;512;8;128;49152;1;1;1;11.4609
topk;cuda_bitonicopt;1048576;4;512;16;256;49152;1;1;1;17.2254
topk;cuda_bitonicopt;1048576;4;512;32;128;49152;1;1;1;22.3691
topk;cuda_bitonicopt;1048576;4;512;64;64;49152;1;1;1;28.8824
topk;cuda_bitonicopt;1048576;4;1024;8;128;49152;1;1;1;20.6216
topk;cuda_bitonicopt;1048576;4;1024;16;256;49152;1;1;1;31.5533
topk;cuda_bitonicopt;1048576;4;1024;32;128;49152;1;1;1;42.4216
topk;cuda_bitonicopt;1048576;4;1024;64;128;49152;1;1;1;55.9948
topk;cuda_bitonicopt;1048576;8;128;8;256;49152;1;1;1;4.955
topk;cuda_bitonicopt;1048576;8;128;16;256;49152;1;1;1;6.45209
topk;cuda_bitonicopt;1048576;8;128;32;64;49152;1;1;1;7.64968
topk;cuda_bitonicopt;1048576;8;128;64;256;49152;1;1;1;9.33281
topk;cuda_bitonicopt;1048576;8;256;8;256;49152;1;1;1;7.73996
topk;cuda_bitonicopt;1048576;8;256;16;64;49152;1;1;1;10.8828
topk;cuda_bitonicopt;1048576;8;256;32;64;49152;1;1;1;13.7023
topk;cuda_bitonicopt;1048576;8;256;64;128;49152;1;1;1;17.8284
topk;cuda_bitonicopt;1048576;8;512;8;128;49152;1;1;1;13.2262
topk;cuda_bitonicopt;1048576;8;512;16;128;49152;1;1;1;18.9694
topk;cuda_bitonicopt;1048576;8;512;32;128;49152;1;1;1;25.4436
topk;cuda_bitonicopt;1048576;8;512;64;64;49152;1;1;1;34.5847
topk;cuda_bitonicopt;1048576;8;1024;8;256;49152;1;1;1;24.0763
topk;cuda_bitonicopt;1048576;8;1024;16;256;49152;1;1;1;35.0268
topk;cuda_bitonicopt;1048576;8;1024;32;256;49152;1;1;1;48.5636
topk;cuda_bitonicopt;1048576;8;1024;64;256;49152;1;1;1;67.328
topk;cuda_bitonicopt;1048576;16;128;8;256;49152;1;1;1;6.9607
topk;cuda_bitonicopt;1048576;16;128;16;256;49152;1;1;1;8.49618
topk;cuda_bitonicopt;1048576;16;128;32;256;49152;1;1;1;10.5736
topk;cuda_bitonicopt;1048576;16;128;64;128;49152;1;1;1;14.9383
topk;cuda_bitonicopt;1048576;16;256;8;256;49152;1;1;1;11.7809
topk;cuda_bitonicopt;1048576;16;256;16;256;49152;1;1;1;14.8206
topk;cuda_bitonicopt;1048576;16;256;32;256;49152;1;1;1;19.4713
topk;cuda_bitonicopt;1048576;16;256;64;128;49152;1;1;1;29.0095
topk;cuda_bitonicopt;1048576;16;512;8;256;49152;1;1;1;21.2735
topk;cuda_bitonicopt;1048576;16;512;16;128;49152;1;1;1;27.0932
topk;cuda_bitonicopt;1048576;16;512;32;128;49152;1;1;1;37.0721
topk;cuda_bitonicopt;1048576;16;512;64;128;49152;1;1;1;56.7195
topk;cuda_bitonicopt;1048576;16;1024;8;256;49152;1;1;1;40.3294
topk;cuda_bitonicopt;1048576;16;1024;16;256;49152;1;1;1;51.2182
topk;cuda_bitonicopt;1048576;16;1024;32;64;49152;1;1;1;71.7764
topk;cuda_bitonicopt;1048576;16;1024;64;256;49152;1;1;1;111.613
topk;cuda_bitonicopt;1048576;32;128;8;512;49152;1;1;1;15.0607
topk;cuda_bitonicopt;1048576;32;128;16;512;49152;1;1;1;16.5326
topk;cuda_bitonicopt;1048576;32;128;32;256;49152;1;1;1;22.625
topk;cuda_bitonicopt;1048576;32;128;64;512;49152;1;1;1;36.8736
topk;cuda_bitonicopt;1048576;32;256;8;256;49152;1;1;1;27.8413
topk;cuda_bitonicopt;1048576;32;256;16;512;49152;1;1;1;30.8391
topk;cuda_bitonicopt;1048576;32;256;32;512;49152;1;1;1;43.4962
topk;cuda_bitonicopt;1048576;32;256;64;256;49152;1;1;1;72.9693
topk;cuda_bitonicopt;1048576;32;512;8;256;49152;1;1;1;53.2162
topk;cuda_bitonicopt;1048576;32;512;16;256;49152;1;1;1;58.983
topk;cuda_bitonicopt;1048576;32;512;32;256;49152;1;1;1;84.9425
topk;cuda_bitonicopt;1048576;32;512;64;256;49152;1;1;1;144.32
topk;cuda_bitonicopt;1048576;32;1024;8;256;49152;1;1;1;103.789
topk;cuda_bitonicopt;1048576;32;1024;16;256;49152;1;1;1;114.794
topk;cuda_bitonicopt;1048576;32;1024;32;256;49152;1;1;1;167.538
topk;cuda_bitonicopt;1048576;32;1024;64;256;49152;1;1;1;286.758
topk;cuda_bitonicopt;1048576;64;128;8;256;49152;1;1;1;25.6658
topk;cuda_bitonicopt;1048576;64;128;16;512;49152;1;1;1;27.1497
topk;cuda_bitonicopt;1048576;64;128;32;512;49152;1;1;1;38.54
topk;cuda_bitonicopt;1048576;64;128;64;512;49152;1;1;1;66.35
topk;cuda_bitonicopt;1048576;64;256;8;512;49152;1;1;1;48.9308
topk;cuda_bitonicopt;1048576;64;256;16;512;49152;1;1;1;51.9873
topk;cuda_bitonicopt;1048576;64;256;32;512;49152;1;1;1;75.2792
topk;cuda_bitonicopt;1048576;64;256;64;512;49152;1;1;1;131.679
topk;cuda_bitonicopt;1048576;64;512;8;256;49152;1;1;1;95.5358
topk;cuda_bitonicopt;1048576;64;512;16;512;49152;1;1;1;101.231
topk;cuda_bitonicopt;1048576;64;512;32;512;49152;1;1;1;148.675
topk;cuda_bitonicopt;1048576;64;512;64;512;49152;1;1;1;262.055
topk;cuda_bitonicopt;1048576;64;1024;8;512;49152;1;1;1;188.531
topk;cuda_bitonicopt;1048576;64;1024;16;128;49152;1;1;1;199.799
topk;cuda_bitonicopt;1048576;64;1024;32;512;49152;1;1;1;295.269
topk;cuda_bitonicopt;1048576;64;1024;64;512;49152;1;1;1;522.908
topk;cuda_shm;1048576;4;128;8;128;32768;1;1;1;6.283687
topk;cuda_shm;1048576;4;128;16;128;32768;1;1;1;29.2638
topk;cuda_shm;1048576;4;128;32;64;32768;1;1;1;82.9167
topk;cuda_shm;1048576;4;128;64;64;32768;1;1;1;212.876
topk;cuda_shm;1048576;4;256;8;128;32768;1;1;1;10.6291
topk;cuda_shm;1048576;4;256;16;128;32768;1;1;1;37.2668
topk;cuda_shm;1048576;4;256;32;128;32768;1;1;1;115.649
topk;cuda_shm;1048576;4;256;64;64;32768;1;1;1;337.543
topk;cuda_shm;1048576;4;512;8;128;4096;1;1;1;14.1865
topk;cuda_shm;1048576;4;512;16;128;32768;1;1;1;46.124
topk;cuda_shm;1048576;4;512;32;128;32768;1;1;1;139.739
topk;cuda_shm;1048576;4;512;64;128;32768;1;1;1;444.905
topk;cuda_shm;1048576;4;1024;8;128;4096;1;1;1;19.8947
topk;cuda_shm;1048576;4;1024;16;128;32768;1;1;1;62.4399
topk;cuda_shm;1048576;4;1024;32;128;32768;1;1;1;176.232
topk;cuda_shm;1048576;4;1024;64;128;32768;1;1;1;561.129
topk;cuda_shm;1048576;8;128;8;128;32768;1;1;1;9.92011
topk;cuda_shm;1048576;8;128;16;128;32768;1;1;1;33.9261
topk;cuda_shm;1048576;8;128;32;64;32768;1;1;1;91.6011
topk;cuda_shm;1048576;8;128;64;64;32768;1;1;1;229.145
topk;cuda_shm;1048576;8;256;8;128;32768;1;1;1;12.7809
topk;cuda_shm;1048576;8;256;16;128;32768;1;1;1;39.3135
topk;cuda_shm;1048576;8;256;32;128;32768;1;1;1;116.856
topk;cuda_shm;1048576;8;256;64;64;32768;1;1;1;343.191
topk;cuda_shm;1048576;8;512;8;128;4096;1;1;1;18.9532
topk;cuda_shm;1048576;8;512;16;128;32768;1;1;1;50.2238
topk;cuda_shm;1048576;8;512;32;128;32768;1;1;1;141.214
topk;cuda_shm;1048576;8;512;64;128;32768;1;1;1;447.883
topk;cuda_shm;1048576;8;1024;8;128;4096;1;1;1;30.4853
topk;cuda_shm;1048576;8;1024;16;256;32768;1;1;1;71.7747
topk;cuda_shm;1048576;8;1024;32;128;32768;1;1;1;189.317
topk;cuda_shm;1048576;8;1024;64;128;32768;1;1;1;576.66
topk;cuda_shm;1048576;16;128;8;128;32768;1;1;1;14.4194
topk;cuda_shm;1048576;16;128;16;128;32768;1;1;1;33.7102
topk;cuda_shm;1048576;16;128;32;128;32768;1;1;1;87.6598
topk;cuda_shm;1048576;16;128;64;64;32768;1;1;1;220.235
topk;cuda_shm;1048576;16;256;8;128;32768;1;1;1;23.9057
topk;cuda_shm;1048576;16;256;16;128;32768;1;1;1;49.9921
topk;cuda_shm;1048576;16;256;32;64;32768;1;1;1;129.415
topk;cuda_shm;1048576;16;256;64;64;32768;1;1;1;347.792
topk;cuda_shm;1048576;16;512;8;128;32768;1;1;1;41.6903
topk;cuda_shm;1048576;16;512;16;256;32768;1;1;1;74.7298
topk;cuda_shm;1048576;16;512;32;128;32768;1;1;1;168.213
topk;cuda_shm;1048576;16;512;64;128;32768;1;1;1;493.78
topk;cuda_shm;1048576;16;1024;8;128;32768;1;1;1;74.6329
topk;cuda_shm;1048576;16;1024;16;128;32768;1;1;1;113.884
topk;cuda_shm;1048576;16;1024;32;256;32768;1;1;1;221.829
topk;cuda_shm;1048576;16;1024;64;128;32768;1;1;1;601.805
topk;cuda_shm;1048576;32;128;8;128;32768;1;1;1;36.9539
topk;cuda_shm;1048576;32;128;16;128;32768;1;1;1;56.8173
topk;cuda_shm;1048576;32;128;32;128;32768;1;1;1;106.777
topk;cuda_shm;1048576;32;128;64;64;32768;1;1;1;238.382
topk;cuda_shm;1048576;32;256;8;256;32768;1;1;1;67.8976
topk;cuda_shm;1048576;32;256;16;128;32768;1;1;1;94.3338
topk;cuda_shm;1048576;32;256;32;128;32768;1;1;1;164.649
topk;cuda_shm;1048576;32;256;64;128;32768;1;1;1;394.834
topk;cuda_shm;1048576;32;512;8;256;32768;1;1;1;127.829
topk;cuda_shm;1048576;32;512;16;256;32768;1;1;1;158.348
topk;cuda_shm;1048576;32;512;32;256;32768;1;1;1;246.345
topk;cuda_shm;1048576;32;512;64;128;32768;1;1;1;540.324
topk;cuda_shm;1048576;32;1024;8;128;4096;1;1;1;248.117
topk;cuda_shm;1048576;32;1024;16;256;32768;1;1;1;283.334
topk;cuda_shm;1048576;32;1024;32;256;32768;1;1;1;387.071
topk;cuda_shm;1048576;32;1024;64;128;32768;1;1;1;739.959
topk;cuda_shm;1048576;64;128;8;256;8192;1;1;1;66.4155
topk;cuda_shm;1048576;64;128;16;128;32768;1;1;1;86.2382
topk;cuda_shm;1048576;64;128;32;128;32768;1;1;1;135.371
topk;cuda_shm;1048576;64;128;64;128;32768;1;1;1;269.778
topk;cuda_shm;1048576;64;256;8;256;4096;1;1;1;126.168
topk;cuda_shm;1048576;64;256;16;128;4096;1;1;1;148.359
topk;cuda_shm;1048576;64;256;32;128;32768;1;1;1;213.624
topk;cuda_shm;1048576;64;256;64;128;32768;1;1;1;412.328
topk;cuda_shm;1048576;64;512;8;256;4096;1;1;1;244.993
topk;cuda_shm;1048576;64;512;16;128;4096;1;1;1;271.17
topk;cuda_shm;1048576;64;512;32;128;32768;1;1;1;354.534
topk;cuda_shm;1048576;64;512;64;128;32768;1;1;1;623.485
topk;cuda_shm;1048576;64;1024;8;256;32768;1;1;1;482.975
topk;cuda_shm;1048576;64;1024;16;256;8192;1;1;1;515.794
topk;cuda_shm;1048576;64;1024;32;256;32768;1;1;1;616.027
topk;cuda_shm;1048576;64;1024;64;128;32768;1;1;1;968.102
topk;cuda_2dinsert;1048576;4;128;8;64;49152;1;32;3;6.010169
topk;cuda_2dinsert;1048576;4;128;16;256;49152;1;32;1;26.246717
topk;cuda_2dinsert;1048576;4;128;32;256;49152;1;32;1;81.26047
topk;cuda_2dinsert;1048576;4;128;64;256;49152;1;32;1;246.33536
topk;cuda_2dinsert;1048576;4;256;8;256;49152;1;32;3;8.976073
topk;cuda_2dinsert;1048576;4;256;16;256;49152;1;32;3;33.075443
topk;cuda_2dinsert;1048576;4;256;32;256;49152;1;32;3;104.408005
topk;cuda_2dinsert;1048576;4;256;64;256;49152;1;32;3;331.6086
topk;cuda_2dinsert;1048576;4;512;8;256;49152;1;32;3;12.348581
topk;cuda_2dinsert;1048576;4;512;16;256;49152;1;32;3;40.69681
topk;cuda_2dinsert;1048576;4;512;32;256;49152;1;32;3;125.59317
topk;cuda_2dinsert;1048576;4;512;64;256;49152;1;32;3;406.5554
topk;cuda_2dinsert;1048576;4;1024;8;256;49152;1;32;3;18.290482
topk;cuda_2dinsert;1048576;4;1024;16;256;49152;1;32;3;53.4141
topk;cuda_2dinsert;1048576;4;1024;32;256;49152;1;32;3;153.9631
topk;cuda_2dinsert;1048576;4;1024;64;256;49152;1;32;3;499.343
topk;cuda_2dinsert;1048576;8;128;8;256;49152;1;32;1;7.6503215
topk;cuda_2dinsert;1048576;8;128;16;256;49152;1;32;1;28.846483
topk;cuda_2dinsert;1048576;8;128;32;256;49152;1;32;1;85.88845
topk;cuda_2dinsert;1048576;8;128;64;256;49152;1;16;1;254.092
topk;cuda_2dinsert;1048576;8;256;8;256;49152;1;32;3;9.669533
topk;cuda_2dinsert;1048576;8;256;16;256;49152;1;32;3;33.72992
topk;cuda_2dinsert;1048576;8;256;32;256;49152;1;32;3;104.92937
topk;cuda_2dinsert;1048576;8;256;64;256;49152;1;32;3;333.5231
topk;cuda_2dinsert;1048576;8;512;8;256;49152;1;32;3;13.864245
topk;cuda_2dinsert;1048576;8;512;16;256;49152;1;32;3;41.932957
topk;cuda_2dinsert;1048576;8;512;32;256;49152;1;32;3;125.97127
topk;cuda_2dinsert;1048576;8;512;64;256;49152;1;32;3;407.72937
topk;cuda_2dinsert;1048576;8;1024;8;256;49152;1;32;3;21.150381
topk;cuda_2dinsert;1048576;8;1024;16;256;49152;1;32;3;56.643997
topk;cuda_2dinsert;1048576;8;1024;32;256;49152;1;32;3;159.87927
topk;cuda_2dinsert;1048576;8;1024;64;256;49152;1;32;3;506.57254
topk;cuda_2dinsert;1048576;16;128;8;256;49152;1;32;1;9.067283
topk;cuda_2dinsert;1048576;16;128;16;256;49152;1;32;1;28.393919
topk;cuda_2dinsert;1048576;16;128;32;256;49152;1;32;1;82.89816
topk;cuda_2dinsert;1048576;16;128;64;256;49152;1;32;1;249.74374
topk;cuda_2dinsert;1048576;16;256;8;256;49152;1;32;3;13.49931
topk;cuda_2dinsert;1048576;16;256;16;256;49152;1;32;3;37.99545
topk;cuda_2dinsert;1048576;16;256;32;256;49152;1;32;3;109.317085
topk;cuda_2dinsert;1048576;16;256;64;256;49152;1;32;3;334.73074
topk;cuda_2dinsert;1048576;16;512;8;256;49152;1;32;3;21.316845
topk;cuda_2dinsert;1048576;16;512;16;256;49152;1;32;3;51.579624
topk;cuda_2dinsert;1048576;16;512;32;256;49152;1;32;3;139.61763
topk;cuda_2dinsert;1048576;16;512;64;256;49152;1;32;3;433.8037
topk;cuda_2dinsert;1048576;16;1024;8;256;49152;1;32;3;34.18265
topk;cuda_2dinsert;1048576;16;1024;16;256;49152;1;32;3;69.19074
topk;cuda_2dinsert;1048576;16;1024;32;256;49152;1;32;3;170.30264
topk;cuda_2dinsert;1048576;16;1024;64;256;49152;1;32;3;514.20416
topk;cuda_2dinsert;1048576;32;128;8;256;49152;1;32;2;16.91292
topk;cuda_2dinsert;1048576;32;128;16;256;49152;1;32;2;37.494957
topk;cuda_2dinsert;1048576;32;128;32;256;49152;1;32;2;93.665375
topk;cuda_2dinsert;1048576;32;128;64;256;49152;1;32;2;257.89056
topk;cuda_2dinsert;1048576;32;256;8;256;49152;1;32;3;27.073988
topk;cuda_2dinsert;1048576;32;256;16;256;49152;1;32;3;52.54496
topk;cuda_2dinsert;1048576;32;256;32;256;49152;1;32;3;125.351906
topk;cuda_2dinsert;1048576;32;256;64;256;49152;1;32;3;356.84363
topk;cuda_2dinsert;1048576;32;512;8;256;49152;1;32;3;45.610916
topk;cuda_2dinsert;1048576;32;512;16;256;49152;1;32;3;74.72397
topk;cuda_2dinsert;1048576;32;512;32;256;49152;1;32;3;160.95135
topk;cuda_2dinsert;1048576;32;512;64;256;49152;1;32;3;447.2126
topk;cuda_2dinsert;1048576;32;1024;8;256;49152;1;32;3;81.82423
topk;cuda_2dinsert;1048576;32;1024;16;256;49152;1;32;3;115.71764
topk;cuda_2dinsert;1048576;32;1024;32;256;49152;1;32;3;213.49629
topk;cuda_2dinsert;1048576;32;1024;64;256;49152;1;32;3;549.9313
topk;cuda_2dinsert;1048576;64;128;8;256;49152;1;32;2;27.148382
topk;cuda_2dinsert;1048576;64;128;16;256;49152;1;32;2;48.5766
topk;cuda_2dinsert;1048576;64;128;32;256;49152;1;32;2;106.476814
topk;cuda_2dinsert;1048576;64;128;64;256;49152;1;32;2;271.54318
topk;cuda_2dinsert;1048576;64;256;8;256;49152;1;32;3;45.06478
topk;cuda_2dinsert;1048576;64;256;16;256;49152;1;32;3;69.571
topk;cuda_2dinsert;1048576;64;256;32;256;49152;1;32;3;139.542
topk;cuda_2dinsert;1048576;64;256;64;256;49152;1;32;3;360.07846
topk;cuda_2dinsert;1048576;64;512;8;256;49152;1;32;3;80.223595
topk;cuda_2dinsert;1048576;64;512;16;256;49152;1;32;3;108.59245
topk;cuda_2dinsert;1048576;64;512;32;256;49152;1;32;3;192.59946
topk;cuda_2dinsert;1048576;64;512;64;256;49152;1;32;3;469.67575
topk;cuda_2dinsert;1048576;64;1024;8;256;49152;1;32;3;148.8419
topk;cuda_2dinsert;1048576;64;1024;16;256;49152;1;32;3;183.00209
topk;cuda_2dinsert;1048576;64;1024;32;256;49152;1;32;3;282.21057
topk;cuda_2dinsert;1048576;64;1024;64;256;49152;1;32;3;622.2571
